%******** Intrinsic parameters *******

CameraIn = [4800.907679 0 1535.609642999;
    0 4800.8204876165 1022.017591976571;
    0 0 1] ;

ProjectIn = [3964.0874516 0 511.500 ;
    0 4056.457431087 383.5
    0 0 1] ;

% ******** Extrinsic parameters ********

CameraExt = [ -0.004905 	 0.999986 	 -0.001938  -62.012600 ;
    0.949972 	 0.004054 	 -0.312309  -62.282173  ;
   -0.312297 	 -0.003373 	 -0.949978  442.768289 ] ;



ProjectExt = [0.445426 	 0.747133 	 0.493344   -60.263271 ;
    0.889031 	 -0.303902 	 -0.342444 102.520188   ;
    -0.105923 	 0.591131 	 -0.799590   1460.330151  ] ;

% ******** Projection matrix ********

CameraProjection =  [CameraIn*CameraExt; 0 0 0 1] ;

ProjProjection =  [ProjectIn*ProjectExt; 0 0 0 1] ;