%********* For the camera ***********

CameraIn = [4197.19280824783 0 2450.85423059084 ;
            0 4156.01519224276 1954.17703089413 ;
            0 0 1] ;
 
CameraExt =[-0.0846898404487403 0.994172675433539 -0.0666957445875338 -175.840170893907
            0.976130467401210 0.0693453296872083 -0.205816753112249 -143.132351866210
           -0.199992353693493 -0.0825343363206552 -0.976315083255527  996.472441786976]  ;


%********* For the projector  ***********

ProjectIn = [1574.50077988887 0 457.965869748202 ;
            0 1265.74941184366 461.341109539013
            0 0 1] ;


ProjectExt = [0.0521707310063488 0.975980619953768 0.211518425440720 -166.959964259802
             0.989790228381834 -0.0224028179781719 -0.140760141895618 -162.126503123197  
              -0.132640561767888 0.216702430123188 -0.967184852110807 859.833123484420] ;


% ******** Projection matrix ********

CameraProjection =  [CameraIn*CameraExt; 0 0 0 1] ;

ProjProjection =  [ProjectIn*ProjectExt; 0 0 0 1] ;